x1 <- c(5, 5, 3, 2, 3.5)
x2 <- c(2, 1, 2, 1, 4)
